0.0017874819681508042
0.0018305063852193746
0.0017135470790056338
0.0017222615046567906
0.001817401369489785
0.0018583558448848109
0.0017719870202779072
0.0018219482173613966
0.001743184254880272
0.001704373818939031
0.0018036803323642435
0.0018215024534236337
0.001786074798618572
0.0017680256447925543
0.0017937154237305816
0.001798695301694758
0.001724256897004148
0.0018025033491360564
0.0018032698850046038
0.001804972801890307
0.001694178904695994
0.0017230582437192529
0.0017419392887489322
0.0017648021055324604
0.0018044830130820322
0.0018467814559451937
0.0018108415634021631
0.001739809486357465
0.0017672282219974402
0.0018181254723188419
