2.2987012756464882e-08
4.145772890177841e-08
7.155120445919917e-08
1.1175254322232576e-07
3.4562864234556386e-08
1.2590984129903036e-05
8.745150275230947e-07
1.7758516271894292e-08
2.7561539341614202e-08
2.1361756779543722e-08
1.1100755457943742e-07
8.452705344697908e-08
4.279437464730483e-08
1.055734655731693e-07
4.099683507935977e-08
1.435589921851061e-08
2.1178501777912782e-07
5.933013382166881e-09
1.454204934889344e-07
9.17349828950913e-09
4.9305751802860194e-08
7.375073470058595e-08
6.519625004867353e-08
1.2731923221443952e-07
8.047577232593881e-08
6.663873122460747e-08
1.3632741624819222e-07
1.4374461871291956e-07
9.165134863788121e-08
3.712027338380721e-08
