9.485143203281252e-05
4.105715453663025e-05
8.198034638719667e-05
2.2112988365983e-06
0.00011649428141309445
0.00010531079800324842
0.00033996043671125466
2.174746564235174e-05
6.884364619183644e-05
0.0004920182653578695
0.0004198283288825728
2.9499590468340234e-06
0.00022351082856861482
9.341596544387709e-06
1.0326641282898578e-05
0.00012034084205543123
9.862174808834991e-05
3.6115359630116926e-06
2.2498277043679068e-05
0.00023294891995379095
5.303489466698031e-06
6.770545555462328e-05
0.00011982839579681854
1.6533677568696888e-06
1.6088553084925237e-06
0.00015457249785996634
0.0001766689452659299
2.233326308310723e-05
9.228622900078588e-05
0.0001989808363523592
